0 0.020788 0.409836 0.037199 0.459016
0 0.047046 0.573770 0.019694 0.163934
0 0.073304 0.426230 0.037199 0.426230
0 0.113786 0.442623 0.043764 0.459016
0 0.243982 0.459016 0.045952 0.459016
0 0.294311 0.467213 0.054705 0.475410
0 0.328228 0.459016 0.017505 0.426230
0 0.345733 0.442623 0.017505 0.426230
0 0.376368 0.459016 0.043764 0.426230
0 0.422319 0.459016 0.017505 0.426230
0 0.452954 0.450820 0.043764 0.409836
0 0.486871 0.483607 0.024070 0.409836
0 0.530635 0.475410 0.037199 0.459016
0 0.565646 0.459016 0.037199 0.459016
0 0.602845 0.459016 0.032823 0.459016
0 0.634573 0.459016 0.030635 0.426230
0 0.667396 0.442623 0.035011 0.426230
0 0.705689 0.459016 0.037199 0.426230
0 0.742888 0.459016 0.037199 0.426230
0 0.775711 0.467213 0.037199 0.442623
0 0.817287 0.467213 0.041575 0.442623
0 0.855580 0.459016 0.035011 0.426230
0 0.892779 0.450820 0.035011 0.409836
0 0.927790 0.475410 0.039387 0.459016