0 0.052007 0.328125 0.060219 0.531250
0 0.107664 0.343750 0.051095 0.531250
0 0.161496 0.343750 0.056569 0.531250
0 0.214416 0.343750 0.052920 0.500000
0 0.250000 0.375000 0.018248 0.406250
0 0.284672 0.343750 0.029197 0.500000
0 0.308394 0.367188 0.018248 0.515625
0 0.324818 0.351562 0.014599 0.515625
0 0.345803 0.414062 0.027372 0.421875
0 0.367701 0.375000 0.016423 0.375000
0 0.383212 0.343750 0.018248 0.531250
0 0.397810 0.351562 0.014599 0.515625
0 0.419708 0.390625 0.025547 0.406250
0 0.448905 0.398438 0.029197 0.359375
0 0.476277 0.437500 0.029197 0.468750
0 0.507299 0.429688 0.029197 0.453125
0 0.536496 0.375000 0.029197 0.343750
0 0.561131 0.398438 0.020073 0.359375
0 0.578467 0.367188 0.018248 0.484375
0 0.592153 0.484375 0.012774 0.156250
0 0.604927 0.335938 0.012774 0.453125
0 0.625000 0.382812 0.027372 0.328125
0 0.655109 0.382812 0.029197 0.328125
0 0.684307 0.382812 0.029197 0.328125
0 0.713504 0.390625 0.029197 0.312500
0 0.744526 0.382812 0.029197 0.328125
0 0.763686 0.507812 0.016423 0.171875
0 0.784672 0.390625 0.029197 0.375000
0 0.813869 0.421875 0.029197 0.343750
0 0.851277 0.398438 0.049270 0.328125
0 0.879562 0.500000 0.014599 0.125000
0 0.899635 0.406250 0.029197 0.343750
0 0.930657 0.414062 0.032847 0.359375