0 0.056569 0.475000 0.054745 0.516667
0 0.111314 0.466667 0.054745 0.533333
0 0.164234 0.475000 0.054745 0.516667
0 0.218066 0.466667 0.052920 0.533333
0 0.256387 0.491667 0.016423 0.383333
0 0.288321 0.441667 0.029197 0.483333
0 0.312956 0.458333 0.016423 0.450000
0 0.328467 0.450000 0.014599 0.466667
0 0.350365 0.541667 0.032847 0.483333
0 0.372263 0.500000 0.014599 0.400000
0 0.385949 0.458333 0.016423 0.516667
0 0.403285 0.441667 0.018248 0.516667
0 0.422445 0.500000 0.027372 0.366667
0 0.451642 0.500000 0.031022 0.366667
0 0.479015 0.533333 0.031022 0.500000
0 0.510036 0.550000 0.031022 0.466667
0 0.541058 0.500000 0.031022 0.366667
0 0.562956 0.491667 0.016423 0.316667
0 0.582117 0.441667 0.018248 0.416667
0 0.595803 0.608333 0.012774 0.183333
0 0.608577 0.450000 0.012774 0.433333
0 0.628650 0.508333 0.031022 0.316667
0 0.658759 0.500000 0.029197 0.300000
0 0.687956 0.483333 0.029197 0.333333
0 0.718066 0.491667 0.027372 0.350000
0 0.745438 0.491667 0.031022 0.350000
0 0.766423 0.608333 0.014599 0.116667
0 0.787409 0.483333 0.027372 0.333333
0 0.815693 0.483333 0.029197 0.333333
0 0.854015 0.516667 0.043796 0.366667
0 0.882299 0.600000 0.016423 0.166667
0 0.904197 0.533333 0.027372 0.366667
0 0.933394 0.516667 0.034672 0.366667