0 0.027523 0.601695 0.013761 0.423729
0 0.059633 0.610169 0.045872 0.440678
0 0.107798 0.610169 0.045872 0.406780
0 0.154817 0.610169 0.048165 0.440678
0 0.198394 0.627119 0.043578 0.474576
0 0.231651 0.661017 0.022936 0.542373
0 0.276376 0.610169 0.061927 0.508475
0 0.344037 0.610169 0.064220 0.474576
0 0.396789 0.610169 0.032110 0.440678
0 0.448394 0.601695 0.061927 0.491525
0 0.517202 0.635593 0.066514 0.525424
0 0.560780 0.677966 0.020642 0.542373
0 0.582569 0.669492 0.022936 0.355932
0 0.627294 0.618644 0.038991 0.457627
0 0.663991 0.618644 0.034404 0.423729
0 0.707569 0.610169 0.048165 0.406780
0 0.776376 0.669492 0.080275 0.355932
0 0.836009 0.644068 0.034404 0.474576
0 0.863532 0.779661 0.016055 0.135593
0 0.889908 0.618644 0.036697 0.457627
0 0.928899 0.610169 0.036697 0.406780
0 0.967890 0.627119 0.045872 0.440678