0 0.110294 0.674603 0.088235 0.428571
0 0.183824 0.714286 0.058824 0.349206
0 0.244485 0.674603 0.062500 0.428571
0 0.306985 0.730159 0.062500 0.349206
0 0.352941 0.682540 0.036765 0.444444
0 0.435662 0.674603 0.077206 0.460317
0 0.505515 0.714286 0.062500 0.349206
0 0.582721 0.722222 0.091912 0.365079
0 0.658088 0.714286 0.066176 0.317460
0 0.709559 0.706349 0.036765 0.555556
0 0.781250 0.682540 0.106618 0.476190
0 0.889706 0.690476 0.102941 0.492063
0 0.955882 0.722222 0.036765 0.523810
0 0.988971 0.730159 0.022059 0.412698