0 0.101667 0.574468 0.076667 0.553191
0 0.171667 0.553191 0.063333 0.553191
0 0.243333 0.563830 0.073333 0.531915
0 0.298333 0.627660 0.023333 0.404255
0 0.370000 0.553191 0.060000 0.595745
0 0.428333 0.574468 0.036667 0.553191
0 0.498333 0.585106 0.076667 0.617021
0 0.575000 0.585106 0.070000 0.617021
0 0.635000 0.574468 0.043333 0.510638
0 0.688333 0.563830 0.050000 0.531915
0 0.753333 0.553191 0.073333 0.553191
0 0.818333 0.553191 0.056667 0.510638
0 0.883333 0.574468 0.066667 0.553191
0 0.948333 0.563830 0.070000 0.574468