0 0.105903 0.575472 0.086806 0.509434
0 0.184028 0.594340 0.062500 0.471698
0 0.255208 0.575472 0.086806 0.471698
0 0.309028 0.650943 0.027778 0.433962
0 0.383681 0.594340 0.059028 0.509434
0 0.444444 0.594340 0.055556 0.509434
0 0.513889 0.584906 0.090278 0.528302
0 0.583333 0.594340 0.055556 0.547170
0 0.647569 0.603774 0.065972 0.490566
0 0.710069 0.613208 0.059028 0.509434
0 0.769097 0.584906 0.052083 0.490566
0 0.828125 0.584906 0.059028 0.490566
0 0.883681 0.575472 0.059028 0.471698
0 0.944444 0.594340 0.055556 0.471698