0 0.093381 0.635593 0.049645 0.423729
0 0.143026 0.635593 0.049645 0.457627
0 0.199764 0.703390 0.035461 0.355932
0 0.237589 0.686441 0.035461 0.355932
0 0.274232 0.694915 0.037825 0.372881
0 0.303783 0.652542 0.021277 0.389831
0 0.332151 0.694915 0.035461 0.338983
0 0.367612 0.686441 0.035461 0.355932
0 0.395981 0.661017 0.021277 0.406780
0 0.416076 0.686441 0.014184 0.355932
0 0.462175 0.635593 0.040189 0.423729
0 0.502364 0.694915 0.035461 0.305085
0 0.540189 0.694915 0.035461 0.338983
0 0.576832 0.686441 0.037825 0.322034
0 0.615839 0.686441 0.035461 0.355932
0 0.651300 0.686441 0.035461 0.355932
0 0.680851 0.822034 0.014184 0.186441
0 0.728132 0.644068 0.037825 0.440678
0 0.760047 0.686441 0.026005 0.355932
0 0.791962 0.652542 0.037825 0.491525
0 0.848700 0.627119 0.042553 0.440678
0 0.878251 0.652542 0.011820 0.423729
0 0.905437 0.686441 0.037825 0.322034
0 0.943262 0.686441 0.037825 0.355932
0 0.976359 0.677966 0.028369 0.372881
0 0.994090 0.830508 0.011820 0.203390