0 0.062706 0.716216 0.059406 0.351351
0 0.118812 0.736486 0.046205 0.364865
0 0.156766 0.729730 0.023102 0.351351
0 0.196370 0.750000 0.049505 0.310811
0 0.245875 0.743243 0.049505 0.378378
0 0.300330 0.736486 0.059406 0.337838
0 0.358086 0.763514 0.056106 0.283784
0 0.412541 0.763514 0.059406 0.310811
0 0.468647 0.743243 0.052805 0.351351
0 0.542904 0.736486 0.042904 0.337838
0 0.597360 0.729730 0.059406 0.351351
0 0.684818 0.729730 0.075908 0.351351
0 0.755776 0.729730 0.059406 0.351351
0 0.836634 0.729730 0.069307 0.351351
0 0.905941 0.729730 0.069307 0.351351
0 0.970297 0.750000 0.059406 0.364865