0 0.117560 0.403509 0.098214 0.561404
0 0.208333 0.421053 0.095238 0.561404
0 0.302083 0.385965 0.080357 0.596491
0 0.383929 0.377193 0.095238 0.543860
0 0.438988 0.447368 0.026786 0.438596
0 0.497024 0.403509 0.053571 0.491228
0 0.550595 0.412281 0.053571 0.473684
0 0.599702 0.412281 0.050595 0.473684
0 0.647321 0.421053 0.056548 0.491228
0 0.686012 0.403509 0.032738 0.491228
0 0.718750 0.403509 0.050595 0.456140
0 0.769345 0.394737 0.050595 0.508772
0 0.806548 0.412281 0.035714 0.508772
0 0.842262 0.412281 0.041667 0.473684
0 0.889881 0.394737 0.059524 0.473684