0 0.027145 0.500000 0.036778 0.584906
0 0.063923 0.509434 0.036778 0.566038
0 0.095447 0.490566 0.022767 0.528302
0 0.126095 0.528302 0.024518 0.528302
0 0.166375 0.509434 0.031524 0.528302
0 0.198774 0.500000 0.029772 0.509434
0 0.231173 0.490566 0.035026 0.528302
0 0.256567 0.688679 0.015762 0.320755
0 0.295096 0.500000 0.036778 0.547170
0 0.331874 0.509434 0.036778 0.528302
0 0.426445 0.518868 0.040280 0.509434
0 0.462347 0.556604 0.031524 0.396226
0 0.492995 0.556604 0.029772 0.396226
0 0.522767 0.556604 0.029772 0.396226
0 0.546410 0.518868 0.017513 0.509434
0 0.569177 0.566038 0.028021 0.377358
0 0.595447 0.584906 0.024518 0.377358
0 0.614711 0.528302 0.017513 0.490566
0 0.637478 0.566038 0.024518 0.415094
0 0.662872 0.547170 0.019264 0.415094
0 0.683888 0.575472 0.026270 0.396226
0 0.714536 0.509434 0.031524 0.566038
0 0.774081 0.547170 0.031524 0.452830
0 0.752189 0.490566 0.022767 0.528302
0 0.799475 0.566038 0.022767 0.377358
0 0.833625 0.481132 0.031524 0.509434
0 0.864273 0.556604 0.026270 0.358491
0 0.893170 0.537736 0.028021 0.396226
0 0.922942 0.556604 0.028021 0.358491
0 0.950088 0.537736 0.026270 0.358491
0 0.976357 0.547170 0.026270 0.377358