0 0.046233 0.600000 0.085616 0.560000
0 0.106164 0.600000 0.034247 0.480000
0 0.147260 0.690000 0.047945 0.500000
0 0.239726 0.600000 0.068493 0.560000
0 0.301370 0.660000 0.054795 0.360000
0 0.345890 0.590000 0.034247 0.500000
0 0.388699 0.660000 0.051370 0.360000
0 0.428082 0.630000 0.027397 0.380000
0 0.498288 0.570000 0.051370 0.500000
0 0.553082 0.560000 0.058219 0.480000
0 0.611301 0.560000 0.058219 0.440000
0 0.667808 0.580000 0.047945 0.480000
0 0.712329 0.540000 0.034247 0.560000
0 0.755137 0.580000 0.051370 0.480000
0 0.808219 0.560000 0.054795 0.480000
0 0.847603 0.550000 0.030822 0.500000
0 0.893836 0.580000 0.054795 0.480000
0 0.948630 0.570000 0.041096 0.500000