0 0.027193 0.508772 0.040351 0.491228
0 0.067544 0.508772 0.036842 0.491228
0 0.098246 0.517544 0.021053 0.508772
0 0.127193 0.517544 0.029825 0.473684
0 0.170175 0.491228 0.024561 0.456140
0 0.200000 0.508772 0.031579 0.526316
0 0.233333 0.500000 0.035088 0.473684
0 0.257018 0.701754 0.012281 0.210526
0 0.296491 0.500000 0.038596 0.438596
0 0.335088 0.508772 0.035088 0.491228
0 0.428947 0.517544 0.043860 0.508772
0 0.464912 0.561404 0.028070 0.385965
0 0.493860 0.570175 0.026316 0.403509
0 0.521930 0.552632 0.029825 0.403509
0 0.544737 0.508772 0.019298 0.491228
0 0.568421 0.543860 0.028070 0.385965
0 0.596491 0.578947 0.024561 0.385965
0 0.617544 0.552632 0.014035 0.473684
0 0.639474 0.570175 0.029825 0.438596
0 0.663158 0.570175 0.021053 0.403509
0 0.686842 0.561404 0.029825 0.350877
0 0.716667 0.535088 0.029825 0.438596
0 0.752632 0.508772 0.017544 0.421053
0 0.776316 0.570175 0.026316 0.403509
0 0.800877 0.570175 0.022807 0.403509
0 0.837719 0.526316 0.029825 0.456140
0 0.866667 0.570175 0.028070 0.368421
0 0.893860 0.578947 0.029825 0.350877
0 0.922807 0.587719 0.031579 0.368421
0 0.951754 0.561404 0.026316 0.385965
0 0.978947 0.578947 0.028070 0.350877