0 0.059677 0.450000 0.080645 0.750000
0 0.138710 0.450000 0.077419 0.750000
0 0.188710 0.537500 0.029032 0.525000
0 0.259677 0.425000 0.067742 0.700000
0 0.340323 0.437500 0.093548 0.725000
0 0.411290 0.462500 0.054839 0.675000
0 0.469355 0.450000 0.061290 0.700000
0 0.527419 0.475000 0.061290 0.700000
0 0.585484 0.450000 0.054839 0.650000
0 0.640323 0.450000 0.054839 0.700000
0 0.696774 0.462500 0.051613 0.675000
0 0.750000 0.462500 0.054839 0.675000
0 0.803226 0.487500 0.051613 0.675000
0 0.859677 0.462500 0.054839 0.625000
0 0.919355 0.450000 0.070968 0.700000