0 0.024878 0.327273 0.018537 0.509091
0 0.043902 0.336364 0.019512 0.527273
0 0.068780 0.390909 0.014634 0.345455
0 0.084390 0.390909 0.014634 0.345455
0 0.099512 0.381818 0.015610 0.363636
0 0.111707 0.327273 0.008780 0.436364
0 0.123415 0.381818 0.014634 0.327273
0 0.138049 0.372727 0.014634 0.345455
0 0.149756 0.354545 0.008780 0.418182
0 0.157561 0.400000 0.006829 0.363636
0 0.177561 0.336364 0.015610 0.418182
0 0.193171 0.409091 0.015610 0.345455
0 0.208780 0.418182 0.015610 0.363636
0 0.225366 0.381818 0.015610 0.363636
0 0.240976 0.409091 0.013659 0.345455
0 0.255610 0.418182 0.017561 0.363636
0 0.277073 0.427273 0.009756 0.600000
0 0.290732 0.372727 0.015610 0.454545
0 0.301951 0.372727 0.006829 0.454545
0 0.313659 0.418182 0.016585 0.327273
0 0.328293 0.418182 0.014634 0.327273
0 0.344390 0.427273 0.015610 0.345455
0 0.359512 0.381818 0.012683 0.436364
0 0.371220 0.372727 0.006829 0.454545
0 0.382439 0.427273 0.013659 0.381818
0 0.393171 0.427273 0.009756 0.563636
0 0.403415 0.563636 0.010732 0.218182
0 0.422439 0.381818 0.013659 0.472727
0 0.438537 0.445455 0.014634 0.345455
0 0.454634 0.445455 0.015610 0.345455
0 0.470732 0.390909 0.014634 0.454545
0 0.485854 0.427273 0.015610 0.345455
0 0.499512 0.427273 0.011707 0.345455
0 0.511707 0.418182 0.014634 0.363636
0 0.524390 0.427273 0.012683 0.345455
0 0.537073 0.436364 0.014634 0.400000
0 0.552683 0.409091 0.014634 0.418182
0 0.569268 0.436364 0.016585 0.400000
0 0.591707 0.400000 0.010732 0.436364
0 0.606341 0.409091 0.018537 0.454545
0 0.619512 0.572727 0.007805 0.236364
0 0.640000 0.427273 0.015610 0.490909
0 0.655610 0.436364 0.011707 0.509091
0 0.670244 0.427273 0.011707 0.454545
0 0.695122 0.409091 0.016585 0.418182
0 0.711707 0.390909 0.016585 0.418182
0 0.736585 0.418182 0.015610 0.472727
0 0.751220 0.481818 0.011707 0.381818
0 0.763415 0.490909 0.014634 0.363636
0 0.776585 0.427273 0.007805 0.454545
0 0.783415 0.436364 0.005854 0.472727
0 0.794146 0.481818 0.013659 0.309091
0 0.803902 0.436364 0.005854 0.472727
0 0.814634 0.481818 0.015610 0.381818
0 0.830732 0.490909 0.014634 0.363636
0 0.844390 0.500000 0.014634 0.381818
0 0.857073 0.618182 0.010732 0.254545
0 0.880000 0.454545 0.017561 0.472727
0 0.891707 0.445455 0.005854 0.454545
0 0.903415 0.500000 0.015610 0.345455
0 0.919024 0.490909 0.013659 0.327273
0 0.933659 0.500000 0.015610 0.345455
0 0.948293 0.463636 0.013659 0.454545
0 0.959024 0.472727 0.007805 0.472727
0 0.971220 0.509091 0.016585 0.327273