0 0.008639 0.782609 0.012959 0.217391
0 0.048596 0.543478 0.036717 0.608696
0 0.086393 0.543478 0.034557 0.608696
0 0.138229 0.543478 0.038877 0.565217
0 0.174946 0.619565 0.034557 0.456522
0 0.218143 0.619565 0.051836 0.456522
0 0.261339 0.663043 0.034557 0.543478
0 0.287257 0.543478 0.012959 0.565217
0 0.312095 0.608696 0.036717 0.478261
0 0.342333 0.608696 0.028078 0.521739
0 0.387689 0.576087 0.041037 0.543478
0 0.424406 0.608696 0.036717 0.478261
0 0.458963 0.630435 0.032397 0.434783
0 0.493521 0.630435 0.036717 0.478261
0 0.530238 0.630435 0.036717 0.434783
0 0.565875 0.630435 0.034557 0.434783
0 0.591793 0.815217 0.012959 0.239130
0 0.634989 0.565217 0.038877 0.565217
0 0.673866 0.641304 0.034557 0.413043
0 0.701944 0.641304 0.021598 0.456522
0 0.730022 0.652174 0.030238 0.478261
0 0.764579 0.554348 0.034557 0.586957
0 0.801296 0.630435 0.034557 0.434783
0 0.828294 0.652174 0.023758 0.478261
0 0.857451 0.630435 0.034557 0.478261
0 0.889849 0.608696 0.034557 0.478261
0 0.925486 0.695652 0.032397 0.565217
0 0.961123 0.554348 0.034557 0.586957
0 0.989201 0.815217 0.017279 0.282609