0 0.100694 0.598039 0.090278 0.568627
0 0.180556 0.607843 0.069444 0.549020
0 0.253472 0.617647 0.083333 0.490196
0 0.314236 0.656863 0.038194 0.490196
0 0.381944 0.617647 0.055556 0.490196
0 0.437500 0.627451 0.055556 0.509804
0 0.512153 0.617647 0.086806 0.490196
0 0.585069 0.617647 0.059028 0.490196
0 0.649306 0.617647 0.069444 0.490196
0 0.711806 0.627451 0.062500 0.509804
0 0.770833 0.627451 0.055556 0.509804
0 0.826389 0.627451 0.055556 0.509804
0 0.885417 0.627451 0.062500 0.509804
0 0.947917 0.637255 0.062500 0.490196