0 0.072581 0.500000 0.087097 0.666667
0 0.150000 0.476190 0.074194 0.666667
0 0.203226 0.523810 0.032258 0.571429
0 0.272581 0.452381 0.067742 0.619048
0 0.353226 0.464286 0.093548 0.642857
0 0.424194 0.452381 0.054839 0.619048
0 0.477419 0.464286 0.058065 0.595238
0 0.537097 0.452381 0.061290 0.619048
0 0.595161 0.464286 0.061290 0.595238
0 0.650000 0.440476 0.054839 0.595238
0 0.701613 0.500000 0.054839 0.619048
0 0.756452 0.464286 0.054839 0.595238
0 0.809677 0.464286 0.058065 0.595238
0 0.862903 0.488095 0.054839 0.595238
0 0.924194 0.452381 0.067742 0.666667