0 0.020996 0.336957 0.018555 0.543478
0 0.040527 0.326087 0.020508 0.521739
0 0.067871 0.380435 0.014648 0.456522
0 0.082520 0.380435 0.014648 0.413043
0 0.098633 0.380435 0.015625 0.500000
0 0.109863 0.347826 0.006836 0.521739
0 0.121094 0.391304 0.015625 0.434783
0 0.136230 0.391304 0.014648 0.391304
0 0.147461 0.315217 0.007812 0.500000
0 0.156738 0.380435 0.008789 0.369565
0 0.175781 0.336957 0.015625 0.543478
0 0.190430 0.380435 0.015625 0.369565
0 0.207031 0.369565 0.015625 0.391304
0 0.223145 0.380435 0.016602 0.413043
0 0.239258 0.369565 0.015625 0.434783
0 0.255859 0.369565 0.015625 0.391304
0 0.275391 0.413043 0.011719 0.695652
0 0.289062 0.347826 0.019531 0.565217
0 0.300293 0.347826 0.008789 0.565217
0 0.312500 0.413043 0.015625 0.434783
0 0.328125 0.423913 0.015625 0.413043
0 0.342773 0.413043 0.015625 0.434783
0 0.357910 0.336957 0.014648 0.543478
0 0.368652 0.336957 0.006836 0.543478
0 0.380371 0.391304 0.014648 0.434783
0 0.392090 0.402174 0.010742 0.630435
0 0.401855 0.554348 0.008789 0.282609
0 0.420898 0.358696 0.015625 0.543478
0 0.437500 0.391304 0.015625 0.391304
0 0.452637 0.391304 0.016602 0.391304
0 0.468750 0.336957 0.015625 0.500000
0 0.485352 0.391304 0.015625 0.391304
0 0.499023 0.380435 0.009766 0.413043
0 0.510742 0.391304 0.013672 0.391304
0 0.523438 0.391304 0.011719 0.391304
0 0.536621 0.380435 0.014648 0.369565
0 0.552246 0.402174 0.014648 0.369565
0 0.566895 0.380435 0.014648 0.369565
0 0.591309 0.336957 0.010742 0.543478
0 0.605957 0.347826 0.016602 0.521739
0 0.617676 0.543478 0.008789 0.260870
0 0.638672 0.380435 0.015625 0.543478
0 0.654785 0.369565 0.010742 0.565217
0 0.670898 0.336957 0.009766 0.500000
0 0.693848 0.326087 0.014648 0.521739
0 0.709961 0.336957 0.015625 0.500000
0 0.736328 0.347826 0.017578 0.521739
0 0.750977 0.423913 0.009766 0.413043
0 0.763184 0.402174 0.014648 0.369565
0 0.774902 0.369565 0.008789 0.521739
0 0.782715 0.336957 0.006836 0.500000
0 0.792480 0.391304 0.012695 0.347826
0 0.803223 0.358696 0.006836 0.500000
0 0.813477 0.391304 0.013672 0.391304
0 0.829590 0.391304 0.012695 0.391304
0 0.844238 0.402174 0.014648 0.369565
0 0.855469 0.554348 0.009766 0.282609
0 0.877441 0.358696 0.016602 0.543478
0 0.891113 0.358696 0.006836 0.500000
0 0.902344 0.423913 0.013672 0.369565
0 0.917969 0.413043 0.013672 0.391304
0 0.931152 0.402174 0.014648 0.413043
0 0.947754 0.326087 0.012695 0.478261
0 0.958496 0.336957 0.006836 0.500000
0 0.971191 0.380435 0.014648 0.456522