0 0.125000 0.472727 0.089286 0.581818
0 0.215774 0.481818 0.092262 0.563636
0 0.302083 0.509091 0.080357 0.581818
0 0.389881 0.527273 0.089286 0.581818
0 0.449405 0.572727 0.029762 0.490909
0 0.504464 0.509091 0.056548 0.509091
0 0.559524 0.527273 0.047619 0.545455
0 0.604167 0.536364 0.047619 0.490909
0 0.656250 0.500000 0.050595 0.527273
0 0.691964 0.509091 0.026786 0.618182
0 0.730655 0.509091 0.044643 0.436364
0 0.776786 0.518182 0.053571 0.563636
0 0.813988 0.490909 0.032738 0.509091
0 0.849702 0.509091 0.038690 0.472727
0 0.898810 0.500000 0.059524 0.563636