0 0.022927 0.355769 0.020488 0.557692
0 0.044390 0.326923 0.020488 0.576923
0 0.067805 0.394231 0.016585 0.442308
0 0.083902 0.403846 0.013659 0.384615
0 0.100000 0.403846 0.014634 0.500000
0 0.112195 0.384615 0.007805 0.500000
0 0.123902 0.413462 0.013659 0.403846
0 0.139024 0.403846 0.014634 0.423077
0 0.149756 0.365385 0.006829 0.461538
0 0.158049 0.413462 0.005854 0.403846
0 0.177561 0.346154 0.017561 0.500000
0 0.193659 0.403846 0.014634 0.384615
0 0.209268 0.403846 0.014634 0.423077
0 0.225366 0.413462 0.015610 0.403846
0 0.240976 0.413462 0.013659 0.442308
0 0.256098 0.423077 0.016585 0.423077
0 0.276585 0.413462 0.010732 0.673077
0 0.291220 0.384615 0.016585 0.538462
0 0.303415 0.384615 0.007805 0.538462
0 0.314634 0.423077 0.014634 0.423077
0 0.329756 0.413462 0.015610 0.403846
0 0.344390 0.442308 0.015610 0.461538
0 0.359512 0.384615 0.014634 0.538462
0 0.370244 0.403846 0.006829 0.538462
0 0.381463 0.423077 0.015610 0.423077
0 0.394634 0.403846 0.008780 0.692308
0 0.402927 0.557692 0.005854 0.307692
0 0.422439 0.394231 0.015610 0.596154
0 0.438537 0.413462 0.016585 0.403846
0 0.453659 0.413462 0.015610 0.480769
0 0.470244 0.394231 0.017561 0.596154
0 0.485854 0.451923 0.017561 0.480769
0 0.500000 0.442308 0.010732 0.461538
0 0.510732 0.423077 0.014634 0.461538
0 0.523902 0.432692 0.011707 0.442308
0 0.537561 0.413462 0.015610 0.403846
0 0.552195 0.413462 0.015610 0.442308
0 0.568780 0.442308 0.017561 0.423077
0 0.591220 0.394231 0.013659 0.596154
0 0.607805 0.384615 0.017561 0.576923
0 0.619024 0.567308 0.006829 0.211538
0 0.640000 0.375000 0.017561 0.557692
0 0.655610 0.365385 0.013659 0.576923
0 0.671707 0.384615 0.014634 0.576923
0 0.695122 0.394231 0.016585 0.557692
0 0.711707 0.394231 0.016585 0.519231
0 0.736585 0.403846 0.019512 0.538462
0 0.751220 0.442308 0.009756 0.423077
0 0.763902 0.451923 0.015610 0.480769
0 0.776098 0.423077 0.008780 0.538462
0 0.782439 0.394231 0.007805 0.480769
0 0.792683 0.451923 0.014634 0.403846
0 0.803415 0.413462 0.006829 0.519231
0 0.814634 0.471154 0.015610 0.480769
0 0.829268 0.442308 0.015610 0.423077
0 0.845366 0.442308 0.014634 0.500000
0 0.856098 0.605769 0.008780 0.326923
0 0.877561 0.413462 0.020488 0.557692
0 0.891220 0.423077 0.006829 0.538462
0 0.902439 0.480769 0.015610 0.423077
0 0.917561 0.442308 0.014634 0.423077
0 0.933171 0.471154 0.016585 0.403846
0 0.947805 0.432692 0.014634 0.557692
0 0.957561 0.423077 0.006829 0.538462
0 0.970732 0.471154 0.017561 0.480769