0 0.118380 0.705882 0.074766 0.509804
0 0.193146 0.715686 0.068536 0.450980
0 0.241433 0.764706 0.028037 0.392157
0 0.305296 0.715686 0.056075 0.490196
0 0.383178 0.696078 0.087227 0.490196
0 0.451713 0.725490 0.049844 0.470588
0 0.503115 0.725490 0.052960 0.470588
0 0.560748 0.705882 0.056075 0.470588
0 0.615265 0.705882 0.046729 0.470588
0 0.666667 0.696078 0.049844 0.490196
0 0.716511 0.725490 0.049844 0.470588
0 0.769470 0.705882 0.049844 0.470588
0 0.820872 0.725490 0.052960 0.470588
0 0.873832 0.705882 0.052960 0.509804
0 0.929907 0.725490 0.065421 0.509804