0 0.059727 0.605769 0.078498 0.519231
0 0.117747 0.576923 0.030717 0.500000
0 0.156997 0.682692 0.054608 0.480769
0 0.247440 0.615385 0.078498 0.538462
0 0.312287 0.653846 0.051195 0.461538
0 0.354949 0.615385 0.034130 0.500000
0 0.397611 0.653846 0.058020 0.423077
0 0.440273 0.663462 0.027304 0.403846
0 0.506826 0.586538 0.058020 0.519231
0 0.563140 0.586538 0.054608 0.557692
0 0.617747 0.605769 0.054608 0.519231
0 0.672355 0.615385 0.054608 0.500000
0 0.716724 0.605769 0.034130 0.557692
0 0.761092 0.615385 0.054608 0.500000
0 0.813993 0.615385 0.051195 0.538462
0 0.854949 0.625000 0.030717 0.519231
0 0.895904 0.615385 0.051195 0.461538
0 0.953925 0.596154 0.051195 0.500000