0 0.024123 0.517241 0.039474 0.551724
0 0.049342 0.689655 0.019737 0.206897
0 0.076754 0.508621 0.035088 0.465517
0 0.120614 0.525862 0.052632 0.465517
0 0.247807 0.525862 0.048246 0.465517
0 0.299342 0.525862 0.054825 0.500000
0 0.334430 0.517241 0.019737 0.482759
0 0.353070 0.525862 0.017544 0.465517
0 0.383772 0.525862 0.043860 0.500000
0 0.427632 0.525862 0.021930 0.465517
0 0.459430 0.534483 0.041667 0.482759
0 0.492325 0.594828 0.019737 0.362069
0 0.532895 0.534483 0.043860 0.551724
0 0.573465 0.551724 0.037281 0.482759
0 0.606360 0.517241 0.028509 0.517241
0 0.639254 0.543103 0.028509 0.465517
0 0.674342 0.543103 0.032895 0.500000
0 0.708333 0.560345 0.039474 0.465517
0 0.746711 0.551724 0.037281 0.517241
0 0.779605 0.534483 0.046053 0.413793
0 0.821272 0.525862 0.041667 0.465517
0 0.860746 0.551724 0.037281 0.482759
0 0.894737 0.568966 0.035088 0.482759
0 0.932018 0.551724 0.039474 0.448276