0 0.056108 0.669643 0.021307 0.446429
0 0.083807 0.660714 0.028409 0.464286
0 0.112926 0.660714 0.026989 0.500000
0 0.137784 0.732143 0.022727 0.321429
0 0.170455 0.669643 0.042614 0.482143
0 0.198864 0.678571 0.014205 0.464286
0 0.226562 0.678571 0.038352 0.464286
0 0.258523 0.669643 0.019886 0.446429
0 0.283381 0.678571 0.024148 0.464286
0 0.303267 0.687500 0.018466 0.482143
0 0.323864 0.687500 0.019886 0.482143
0 0.346591 0.687500 0.019886 0.482143
0 0.365767 0.687500 0.015625 0.482143
0 0.394886 0.651786 0.042614 0.553571
0 0.438920 0.642857 0.042614 0.571429
0 0.472301 0.687500 0.021307 0.482143
0 0.500710 0.687500 0.026989 0.517857
0 0.529830 0.696429 0.028409 0.500000
0 0.553977 0.767857 0.022727 0.357143
0 0.586648 0.678571 0.042614 0.535714
0 0.616477 0.696429 0.014205 0.500000
0 0.634233 0.705357 0.021307 0.482143
0 0.656960 0.687500 0.024148 0.517857
0 0.675426 0.705357 0.012784 0.482143
0 0.687500 0.705357 0.014205 0.517857
0 0.702415 0.714286 0.012784 0.500000
0 0.723722 0.714286 0.026989 0.500000
0 0.759233 0.714286 0.044034 0.535714
0 0.802557 0.696429 0.039773 0.571429
0 0.846591 0.660714 0.045455 0.571429
0 0.889915 0.723214 0.035511 0.553571
0 0.933239 0.714286 0.042614 0.571429
0 0.977273 0.705357 0.039773 0.553571