0 0.056452 0.450000 0.087097 0.800000
0 0.141935 0.462500 0.070968 0.825000
0 0.191935 0.512500 0.022581 0.725000
0 0.264516 0.412500 0.064516 0.675000
0 0.341935 0.437500 0.090323 0.675000
0 0.414516 0.450000 0.054839 0.700000
0 0.466129 0.450000 0.054839 0.700000
0 0.527419 0.425000 0.061290 0.700000
0 0.587097 0.437500 0.051613 0.725000
0 0.641935 0.425000 0.051613 0.700000
0 0.695161 0.450000 0.054839 0.650000
0 0.751613 0.425000 0.058065 0.650000
0 0.808065 0.437500 0.054839 0.675000
0 0.862903 0.450000 0.054839 0.700000
0 0.919355 0.450000 0.064516 0.650000