0 0.023026 0.517241 0.037281 0.482759
0 0.050439 0.672414 0.017544 0.137931
0 0.076754 0.525862 0.039474 0.465517
0 0.117325 0.525862 0.046053 0.500000
0 0.250000 0.551724 0.048246 0.482759
0 0.299342 0.551724 0.050439 0.482759
0 0.334430 0.551724 0.019737 0.482759
0 0.354167 0.551724 0.015351 0.482759
0 0.383772 0.551724 0.043860 0.482759
0 0.429825 0.551724 0.017544 0.482759
0 0.460526 0.551724 0.043860 0.482759
0 0.492325 0.612069 0.019737 0.362069
0 0.535088 0.543103 0.039474 0.500000
0 0.574561 0.551724 0.035088 0.482759
0 0.609649 0.543103 0.030702 0.500000
0 0.641447 0.568966 0.032895 0.517241
0 0.675439 0.560345 0.035088 0.465517
0 0.712719 0.551724 0.039474 0.482759
0 0.750000 0.551724 0.035088 0.482759
0 0.780702 0.534483 0.039474 0.448276
0 0.821272 0.543103 0.041667 0.500000
0 0.862939 0.560345 0.037281 0.431034
0 0.901316 0.543103 0.035088 0.465517
0 0.935307 0.543103 0.032895 0.500000