0 0.024123 0.517241 0.039474 0.517241
0 0.048246 0.689655 0.021930 0.172414
0 0.077851 0.508621 0.037281 0.500000
0 0.115132 0.517241 0.046053 0.482759
0 0.246711 0.517241 0.050439 0.482759
0 0.298246 0.517241 0.061404 0.448276
0 0.333333 0.517241 0.017544 0.448276
0 0.351974 0.525862 0.015351 0.465517
0 0.384868 0.517241 0.050439 0.482759
0 0.427632 0.534483 0.013158 0.517241
0 0.459430 0.534483 0.046053 0.482759
0 0.491228 0.594828 0.017544 0.431034
0 0.532895 0.551724 0.043860 0.482759
0 0.570175 0.543103 0.039474 0.500000
0 0.606360 0.543103 0.032895 0.500000
0 0.638158 0.525862 0.030702 0.465517
0 0.673246 0.525862 0.030702 0.500000
0 0.709430 0.543103 0.037281 0.500000
0 0.747807 0.543103 0.039474 0.500000
0 0.780702 0.543103 0.039474 0.500000
0 0.821272 0.543103 0.046053 0.465517
0 0.860746 0.543103 0.037281 0.500000
0 0.896930 0.534483 0.035088 0.482759
0 0.934211 0.543103 0.039474 0.500000