0 0.126488 0.490909 0.092262 0.581818
0 0.215774 0.481818 0.086310 0.563636
0 0.305060 0.500000 0.074405 0.563636
0 0.391369 0.500000 0.092262 0.563636
0 0.447917 0.563636 0.026786 0.436364
0 0.504464 0.500000 0.056548 0.490909
0 0.556548 0.500000 0.053571 0.490909
0 0.605655 0.509091 0.044643 0.472727
0 0.651786 0.500000 0.047619 0.490909
0 0.690476 0.500000 0.029762 0.527273
0 0.726190 0.509091 0.047619 0.509091
0 0.773810 0.500000 0.047619 0.527273
0 0.809524 0.472727 0.041667 0.509091
0 0.845238 0.490909 0.041667 0.509091
0 0.895833 0.490909 0.053571 0.509091