0 0.118333 0.593750 0.083333 0.604167
0 0.188333 0.604167 0.063333 0.583333
0 0.260000 0.604167 0.080000 0.583333
0 0.313333 0.677083 0.026667 0.437500
0 0.386667 0.604167 0.060000 0.583333
0 0.440000 0.614583 0.040000 0.562500
0 0.508333 0.604167 0.083333 0.583333
0 0.583333 0.614583 0.066667 0.562500
0 0.645000 0.635417 0.050000 0.562500
0 0.701667 0.625000 0.056667 0.625000
0 0.765000 0.635417 0.070000 0.604167
0 0.830000 0.625000 0.060000 0.583333
0 0.891667 0.625000 0.063333 0.583333
0 0.961667 0.635417 0.063333 0.604167